.Random.seed <-
c(403L, 290L, 1128314430L, -777269053L, -1991930318L, 961315146L, 
-635230502L, -820666492L, 1823778731L, -555085293L, -999560841L, 
161047175L, 1201520022L, 1990821933L, 1601880563L, -1670538513L, 
-314952029L, 2134971328L, 1939385738L, -854899392L, 418269644L, 
1341461222L, 972365819L, -578262737L, 1093980255L, 645748259L, 
-1214134838L, 1820497361L, -1322161061L, -958870444L, -826366409L, 
-1250512159L, 665217711L, -1780512679L, -2055010884L, -645501180L, 
-596318448L, 2050312576L, -1728824556L, -151883050L, 2006459170L, 
1178658458L, 612887776L, -470190030L, -719624406L, 552033717L, 
-1180285772L, 1991450184L, -1255560124L, 1642375646L, 1241130777L, 
-1452952755L, -196384509L, 354218347L, 1936191964L, 28080194L, 
399799047L, 582776674L, -787581741L, -127979765L, 1602431955L, 
-77561901L, 282788801L, -53160924L, -1220766118L, -834014772L, 
723384231L, -1009827184L, -1451731927L, -618020387L, 9664762L, 
650471002L, 2067305879L, -1501702507L, 1408791182L, 121513265L, 
-919673138L, 1591915823L, 749095966L, 551522985L, -1423369915L, 
217996755L, 1924412057L, 1629094445L, 1126295542L, 2032089009L, 
245112203L, -1485278797L, 416000220L, 2139123770L, 547586717L, 
24428849L, 1070225391L, 981640383L, 770541349L, -247608738L, 
-1968213531L, 264711042L, -1391854563L, 1250822034L, 2007415873L, 
202955953L, 887876537L, 192146174L, -1012577074L, -166462549L, 
32344947L, -1124950303L, 1604487732L, -1872836087L, 1646695640L, 
43399294L, 1315539707L, 1597057150L, 1628355889L, -480945722L, 
-811602742L, -336990670L, -889586873L, -228876524L, -1822520104L, 
1756396770L, -713024961L, 1168007661L, 686749192L, -1350458904L, 
-739413529L, -1769144428L, -1295261083L, -1915060047L, -462932540L, 
-1382232536L, -2013740809L, 1997021699L, -272033814L, -81248099L, 
1817834849L, -579193681L, 476798181L, -691447797L, 20379769L, 
1912804644L, -1407115704L, 228420308L, -2113897649L, -1027407691L, 
630010021L, -1112317536L, 1986345055L, -1771900824L, -985777938L, 
-47234869L, 2098739448L, -1954614926L, -1204666955L, -1198021785L, 
-544728212L, -315378724L, 29036613L, 782745277L, 1762953415L, 
2114174167L, 411571213L, -456188929L, 577130475L, 870000440L, 
-1093352283L, 1286318465L, 1150474479L, 1760143933L, 856408418L, 
595024172L, 1779205453L, 1603501586L, -2035661327L, 503370347L, 
-1426870867L, 1180582233L, -2022721914L, -2098151303L, 700957662L, 
-855508740L, 307328041L, -1638313160L, 1234541068L, 2086063591L, 
1631947938L, -740998355L, -1282468315L, -1986462987L, -730921544L, 
-720999102L, -690431082L, -1659954474L, -1221059992L, 159104484L, 
-455853163L, -1749430368L, -1822164058L, 945029454L, -465658327L, 
2071277870L, 317683432L, -1012359556L, -1731167887L, -499895276L, 
886520614L, -56415527L, -251097180L, -1937541475L, 1096694410L, 
-845102031L, -763389238L, -496318888L, -1993927970L, -1900295333L, 
1997167263L, -214161410L, -741838439L, -466639058L, 1970826915L, 
1349036272L, -1210145293L, 298886833L, 1315607586L, -656835167L, 
965240666L, 1755853313L, 1613769984L, 1107761543L, 1603331488L, 
-1654505129L, -1806537101L, -783030203L, -44926205L, -1375882086L, 
851999676L, -1913097707L, -1654516656L, -104059138L, 1663609191L, 
-1995074119L, -210668315L, -639890840L, 1208324785L, 45843645L, 
309139101L, 17745665L, -1135963372L, -1784783615L, 908806783L, 
2044437728L, 1624319480L, -1978104439L, 96595416L, 162080619L, 
-1586201907L, 746603494L, -288403666L, -2057836606L, 398479706L, 
1184741619L, -270298725L, 86137407L, -153000501L, -1409101058L, 
-1028512319L, -173886761L, 1233174620L, -1627455930L, 1958603642L, 
-1097443540L, 549838358L, -2093458942L, 118399344L, 307675417L, 
-680218575L, -518886321L, -1775877029L, -1011271180L, -93498050L, 
1734854772L, -1332540726L, 1439283626L, 864636645L, 626962899L, 
588485278L, 1209041622L, -905066843L, -1399168105L, 235179653L, 
1686034028L, 1959047992L, 765261162L, -1049238340L, 1584299059L, 
776307034L, -83080331L, 17760864L, -524950470L, 1505437295L, 
-940406632L, -924681232L, 131724993L, 640382255L, -298783764L, 
-1588911866L, 699370683L, -1509126057L, -1213943941L, 2008451639L, 
-872827782L, -137897061L, 1690738343L, 679450325L, 1043479963L, 
-813518348L, -969490910L, -2135449047L, 93422804L, 746741160L, 
-1840655736L, -380552491L, 2037791183L, -569964699L, -229418589L, 
1947204498L, 129148550L, 702856693L, -1124439582L, 1265625216L, 
19275499L, 1880090976L, 1998282742L, 1597763126L, 1621245586L, 
-442221034L, -50328248L, 352562899L, 1348967320L, -1943504812L, 
-697755854L, -1080526030L, -1859732556L, 1497393996L, -1846862298L, 
-1025430030L, -1667083631L, -906562166L, 1254742545L, 570713158L, 
1086472663L, 995942281L, -2062690416L, 525732845L, 1769253843L, 
-749876289L, -988400610L, 36887026L, 903468754L, -44437666L, 
-682945531L, 1226532943L, -553242059L, 1526083660L, -1613427727L, 
494354049L, 30868101L, 812084042L, -576076115L, -174459765L, 
287732535L, 1162743427L, -831809042L, 1934280903L, 485886858L, 
-33938032L, 324718637L, -1369170862L, 61236791L, -628339721L, 
838945005L, 203108870L, -1752825161L, -583392730L, -1020578307L, 
-1016094627L, -1173979776L, 953158286L, -1979682712L, 517745257L, 
-1203366029L, 1591129963L, -899081979L, 1991077742L, -50179218L, 
25452779L, 841558532L, -932251792L, -1808126311L, 1840050552L, 
-1228294281L, 1914122654L, 2004463494L, 1283141066L, -865385867L, 
1627188733L, -1580242069L, -1356196624L, -1325651994L, -2065831200L, 
410553808L, 651287868L, 1634500403L, -200675076L, 856146874L, 
1093581323L, -1706944135L, 57891522L, -508644080L, 1757667571L, 
-1773461262L, -1830874524L, -915577585L, 1815303987L, 1288874886L, 
-1881648130L, 497033271L, 806226789L, 783602832L, 566900857L, 
420014344L, 356266869L, 1202828502L, -107629517L, -1246774679L, 
1179576644L, 2112931963L, 1108882318L, 1029671088L, -956479737L, 
-11170232L, 1856163762L, -1203400458L, -2146790779L, -1765309238L, 
1643459696L, -1064362784L, 1584548931L, -428978014L, -357281484L, 
-1111496862L, 764822034L, 1276210576L, 35176221L, -1370585443L, 
345400137L, -412496115L, 2006511417L, 1523459149L, 1122718282L, 
1119401237L, 952586453L, -671460062L, 1570899217L, 1776539098L, 
108497443L, 1739285096L, -403075506L, 2063134757L, 1067290636L, 
-2129887976L, 1662851464L, 1538731203L, -1036166732L, -60853720L, 
-1824742156L, 253582597L, -207996679L, 1390106517L, 955544092L, 
49246348L, -461417129L, -457315526L, -1031286562L, 1990229772L, 
59696310L, -1728830200L, -820240944L, 914772980L, 669933282L, 
-693707774L, -1190112893L, 1577534374L, 1562204918L, -2141677186L, 
-997519001L, 619138625L, -1905360283L, -1322319095L, -194298064L, 
-1050083104L, -129960697L, -1634496339L, -1264792960L, 577437817L, 
-1032677152L, 1899463511L, 10907788L, 2111084618L, 2091587443L, 
1595127357L, -2048704526L, -200797440L, 1677879521L, 1425121231L, 
-1260210240L, -933173052L, -302369520L, -1837822073L, -1788934934L, 
168626655L, -1490403822L, 211098833L, -99329759L, 1618680600L, 
-937677839L, 1060845942L, 321289133L, -1894607262L, -1445123769L, 
112379172L, -412850879L, 1591492278L, -1233348548L, -1145011173L, 
2111382263L, -1243644127L, -2042514250L, 2098787784L, 1565970301L, 
502428301L, 1424201969L, -308833008L, -1279696538L, -677423487L, 
95934323L, -2099061196L, 1139957883L, 1721935271L, 1568468089L, 
-2046242820L, 1218589099L, -856299718L, -330439028L, -1020066139L, 
-1985783835L, 2042116111L, -555378044L, 478035910L, 639143664L, 
-2025890761L, -2076336184L, -709400L, 1883237865L, -733978139L, 
212533926L, 1308398867L, 1579743579L, -1742565630L, -732926998L, 
1053606205L, 850879555L, 481765168L, -401546248L, 186642907L, 
512508540L, 339041413L, -174159668L, -710408022L, -1876646005L, 
1499761877L, 1936400554L, -532351449L, 1895537478L, -782506902L, 
-2141923024L, -481019976L, 645540639L, -964604252L, -1268584997L, 
-1959643842L, -353916647L, 256238699L, -2066073935L, -857219461L, 
